# Not completed

inertia_parameters:
  base_mass: 1.59306955

  link0:
    ixx: 0.00572623
    iyy: 0.00558959 
    izz: 0.00966674 
    ixy: 0.00000251 
    iyz: -0.00000014 
    ixz: -0.00011380
